Group,Heterozygous,Homozygous,Missing
TRIPS,3.14,65.75,31.11
ZDIPL,3.4,86.25,10.36
ZLUXR,2.82,86.81,10.36
ZMHUE,7.85,86.62,5.52
ZMMIL,0.36,90.92,8.73
ZMMLR,16.69,79.49,3.82
ZMMMR,2.86,86.11,11.03
ZMPBA,22.15,73.32,4.53
ZMPIL,1.81,93.89,4.29
ZMPJA,16.14,81.96,1.9
ZMXCH,18.5,77.21,4.29
ZMXCP,19.44,76.5,4.06
ZMXIL,2.39,93.61,4
ZMXNO,14.14,82.31,3.55
ZMXNT,3.71,83.14,13.15
ZPERR,9.89,83.12,6.99
