Sample_ID,Heterozygous,Homozygous,Missing
BKN_001,12.51,75.38,12.11
BKN_002,9.16,80.26,10.58
BKN_003,1.32,85.25,13.43
BKN_004,1.32,87.18,11.5
BKN_005,4.88,82.81,12.31
BKN_006,1.53,83.42,15.06
BKN_007,2.95,82.3,14.75
BKN_008,5.49,84.03,10.48
BKN_009,1.02,91.15,7.83
BKN_010,0.71,88.5,10.78
BKN_011,3.26,84.84,11.9
BKN_012,1.83,86.27,11.9
BKN_013,18.62,65.11,16.28
BKN_014,1.32,86.88,11.8
BKN_015,1.32,88.2,10.48
BKN_016,0.61,90.23,9.16
BKN_017,0.1,88.3,11.6
BKN_018,0.2,91.35,8.44
BKN_019,1.73,86.98,11.29
BKN_020,1.93,86.47,11.6
BKN_021,9.87,80.06,10.07
BKN_022,1.42,89.73,8.85
BKN_023,0.71,87.89,11.39
BKN_024,11.19,77.52,11.29
BKN_025,1.02,81.89,17.09
BKN_026,1.42,89.42,9.16
BKN_027,2.64,81.89,15.46
BKN_028,7.93,81.18,10.89
BKN_029,1.12,88.1,10.78
BKN_030,0.81,90.84,8.34
BKN_031,1.02,91.05,7.93
BKN_032,1.22,89.62,9.16
BKN_033,1.53,87.39,11.09
BKN_034,1.12,87.49,11.39
BKN_035,1.53,86.57,11.9
BKN_036,1.02,82.5,16.48
BKN_037,1.22,78.54,20.24
BKN_038,0.81,81.59,17.6
BKN_039,0.92,82.5,16.58
CU0001,0.31,89.52,10.17
CU0002,0.2,86.88,12.92
CU0003,0.2,89.32,10.48
CU0004,0.2,87.39,12.41
CU0005,0.71,89.11,10.17
CU0006,0.1,86.06,13.84
CU0007,0.2,89.83,9.97
CU0008,0.1,92.47,7.43
CU0009,0.41,88.91,10.68
CU0010,0.2,91.86,7.93
CU0011,0.2,89.42,10.38
CU0012,0.41,91.76,7.83
CU0013,0.2,84.44,15.36
CU0014,0.2,88.1,11.7
CU0015,0.1,86.78,13.12
CU0016,0.41,85.35,14.24
CU0017,0.31,92.57,7.12
CU0018,0.31,91.66,8.04
CU0019,0.2,87.39,12.41
CU0020,0.2,92.47,7.32
CU0021,0.2,87.28,12.51
CU0022,0.1,92.78,7.12
CU0023,0.1,83.01,16.89
CU0024,0.2,87.69,12.11
CU0025,0.1,92.47,7.43
CU0026,0.2,92.47,7.32
CU0027,0.31,91.76,7.93
CU0028,0.2,59.72,40.08
CU0029,0.51,88.81,10.68
CU0030,0.1,82.6,17.29
CU0031,0.31,91.86,7.83
CU0032,0.41,92.07,7.53
CU0033,0,86.78,13.22
CU0034,0.31,91.96,7.73
CU0035,0.1,87.18,12.72
CU0036,0.1,92.17,7.73
CU0037,0.2,87.69,12.11
CU0038,0.1,89.52,10.38
CU0039,0.2,89.22,10.58
CU0040,0.41,87.08,12.51
CU0041,0.31,91.35,8.34
CU0042,0.1,89.42,10.48
CU0043,0.31,89.83,9.87
CU0044,0.2,88.1,11.7
CU0045,0.1,86.47,13.43
CU0046,0.71,88.61,10.68
CU0047,0.2,90.34,9.46
CU0048,0.2,92.27,7.53
CU0049,0.1,91.66,8.24
CU0050,0.31,92.17,7.53
CU0051,0.92,91.25,7.83
CU0052,0.51,89.32,10.17
CU0053,0.2,89.42,10.38
CU0054,0.2,91.86,7.93
CU0055,0.2,87.89,11.9
CU0056,0.2,92.78,7.02
CU0057,0.1,89.52,10.38
CU0058,0.51,88.4,11.09
CU0059,2.24,85.66,12.11
CU0060,1.83,88.91,9.26
CU0061,0.41,91.56,8.04
CU0062,0.41,91.86,7.73
CU0063,0.2,90.03,9.77
CU0064,0.51,88.71,10.78
CU0065,0.2,92.07,7.73
CU0066,0.1,87.79,12.11
CU0067,1.12,74.06,24.82
CU0068,0.31,86.57,13.12
CU0069,1.32,88.2,10.48
CU0070,0.1,89.32,10.58
CU0071,1.93,87.89,10.17
CU0072,1.22,90.54,8.24
CU0073,0.31,91.96,7.73
CU0074,0.41,91.56,8.04
CU0075,0.2,91.35,8.44
CU0076,0.1,89.73,10.17
CU0077,0.1,92.37,7.53
CU0078,0.1,86.16,13.73
CU0079,0.51,90.13,9.36
CU0080,0.1,86.78,13.12
CU0081,0.2,87.79,12
CU0082,0.2,92.37,7.43
CU0083,0.1,92.57,7.32
CU0084,0.41,86.57,13.02
CU0085,0,92.17,7.83
CU0086,0.2,88.5,11.29
CU0087,0.2,84.23,15.56
CU0088,0.1,90.23,9.66
CU0089,0.2,91.05,8.75
CU0090,0.2,88.1,11.7
CU0091,0.1,89.62,10.27
CU0092,0.41,89.83,9.77
CU0093,0.2,92.47,7.32
CU0094,0.92,86.57,12.51
CU0095,0.2,88.4,11.39
CU0096,0.2,89.83,9.97
CU0097,0.2,90.23,9.56
CU0098,0.31,91.66,8.04
CU0099,0.31,64.29,35.4
CU0100,0.41,89.11,10.48
CU0101,0.31,69.18,30.52
CU0102,0.31,91.76,7.93
CU0103,0.1,90.03,9.87
CU0104,0.1,90.03,9.87
CU0105,0.51,89.83,9.66
CU0106,0.1,89.73,10.17
CU0107,0.1,89.83,10.07
CU0108,0.2,89.42,10.38
CU0109,0.51,89.52,9.97
CU0110,0.1,89.32,10.58
CU0111,1.22,91.15,7.63
CU0112,0.1,86.98,12.92
CU0113,0.41,90.84,8.75
CU0114,0.31,89.83,9.87
CU0115,0.31,91.66,8.04
CU0116,0.71,91.86,7.43
CU0117,0.2,91.66,8.14
CU0118,0.2,87.39,12.41
CU0119,0,89.83,10.17
CU0120,0.2,88,11.8
CU0121,0.51,91.25,8.24
CU0122,0.2,89.52,10.27
CU0123,0.31,89.62,10.07
CU0124,0.1,88,11.9
CU0125,0.1,92.37,7.53
CU0126,0.2,88.5,11.29
CU0127,0.41,91.15,8.44
CU0128,0.31,87.79,11.9
CU0129,0.2,89.73,10.07
CU0130,0.2,88.5,11.29
CU0131,0,89.32,10.68
CU0132,0.1,92.47,7.43
CU0133,0.51,91.66,7.83
CU0134,0.1,84.44,15.46
CU0135,0.2,88,11.8
CU0136,0.1,92.57,7.32
CU0137,0.1,90.64,9.26
CU0138,0,89.42,10.58
CU0139,0.31,88.2,11.5
CU0140,0,81.79,18.21
CU0141,0.31,91.86,7.83
CU0142,0.2,89.32,10.48
CU0143,0.31,77.21,22.48
CU0144,0.61,91.76,7.63
CU0145,0.51,91.96,7.53
CU0146,0.2,89.42,10.38
CU0147,0.2,75.89,23.91
CU0148,0.2,90.54,9.26
CU0149,0.2,89.32,10.48
CU0150,0.1,89.11,10.78
CU0151,0.51,91.56,7.93
CU0152,0.51,88.91,10.58
CU0153,0.2,92.27,7.53
CU0154,0.1,92.68,7.22
CU0155,0.31,78.84,20.85
CU0156,0.1,87.28,12.61
CU0157,0.31,90.13,9.56
CU0158,0.31,89.73,9.97
CU0159,0.31,92.37,7.32
CU0160,0.41,88.81,10.78
CU0161,0.41,87.89,11.7
CU0162,0.31,88.91,10.78
CU0163,0.31,91.66,8.04
CU0164,0.1,89.01,10.89
CU0165,0.2,92.57,7.22
CU0166,0.41,89.42,10.17
CU0167,0.2,89.32,10.48
CU0168,0.2,91.76,8.04
CU0169,0.1,87.08,12.82
CU0170,0.31,87.49,12.21
CU0171,0.41,90.23,9.36
CU0172,0.51,89.42,10.07
CU0173,3.36,84.13,12.51
CU0174,0.1,87.79,12.11
CU0175,0.31,91.25,8.44
CU0176,0.2,89.52,10.27
CU0177,0.2,91.86,7.93
CU0178,0.2,91.96,7.83
CU0179,0.41,88.91,10.68
CU0180,0.2,90.74,9.05
CU0181,0.2,91.76,8.04
CU0182,0.1,88.91,10.99
CU0183,0.31,89.73,9.97
CU0184,0.31,85.45,14.24
CU0185,0,89.22,10.78
CU0186,0.2,89.01,10.78
CU0187,0.31,89.01,10.68
CU0188,0.1,91.86,8.04
CU0189,0.41,86.78,12.82
CU0190,0.2,92.27,7.53
CU0191,0.41,92.47,7.12
CU0192,0.1,89.83,10.07
CU0193,0.2,90.74,9.05
CU0194,0.2,87.69,12.11
CU0195,0.31,91.86,7.83
CU0196,0.31,92.07,7.63
CU0197,0.2,87.59,12.21
CU0198,0.2,90.44,9.36
CU0199,0.2,90.23,9.56
CU0200,0.31,78.33,21.36
CU0201,0.2,91.96,7.83
CU0202,0.81,88.4,10.78
DOE5D-0742,17.19,81.28,1.53
DOE5F-1164,7.63,86.67,5.7
DOE5G-1240,21.26,75.89,2.85
DOE5H-1556,20.65,78.84,0.51
JVLJ-690-1,2.34,86.98,10.68
JVLJ-690-11,3.26,84.54,12.21
JVLJ-690-13,3.76,81.89,14.34
JVLJ-690-15,3.76,84.84,11.39
JVLJ-690-17,3.87,85.96,10.17
JVLJ-690-19,2.44,84.44,13.12
JVLJ-690-3,1.93,83.42,14.65
JVLJ-690-5,2.54,84.33,13.12
JVLJ-690-7,2.44,85.15,12.41
JVLJ-690-9,2.95,84.64,12.41
Q44,3.56,89.01,7.43
S0088,0.1,95.22,4.68
S0133,18.82,78.84,2.34
S0146,10.99,85.86,3.15
S0215,0.41,97.36,2.24
S0351,0.2,96.13,3.66
S0398,0.81,95.42,3.76
S0569,0.71,95.52,3.76
S0615,11.5,83.21,5.29
S0619,8.14,87.08,4.78
S0620,5.09,83.32,11.6
S0621,7.63,88.1,4.27
S0645,2.75,87.69,9.56
S0728,12.61,83.83,3.56
S0768,23.3,73.55,3.15
S0795,0.61,94.3,5.09
S0881,24.42,69.99,5.6
S0887,21.06,74.47,4.48
S0928,20.04,75.89,4.07
S0965,14.75,79.55,5.7
S0985,16.89,80.16,2.95
S1057,24.11,69.79,6.1
S1065,12.11,84.13,3.76
S1087,10.89,84.23,4.88
S1099,21.06,74.57,4.37
S1106,23.91,71.72,4.37
S1207,20.35,75.58,4.07
S1248,16.28,79.25,4.48
S1260,23.19,74.57,2.24
S1390,18.82,74.47,6.71
S1433,18.31,79.86,1.83
S1439,22.18,73.65,4.17
S1465,13.84,82.6,3.56
S1478,19.63,77.42,2.95
S1484,19.63,77.52,2.85
S1526,24.01,72.23,3.76
S1538,22.48,74.36,3.15
S1553,19.94,76.6,3.46
S1567,24.82,70.3,4.88
S1569,19.02,78.23,2.75
S1579,19.84,76.3,3.87
S1601,0.2,95.32,4.48
S1602,0.1,98.88,1.02
S1603,0.2,97.86,1.93
S1604,0.92,97.56,1.53
S1605,0.61,96.85,2.54
S1606,0.41,97.86,1.73
S1607,0.51,89.22,10.27
S1609,0.61,96.74,2.64
S1610,0.51,95.12,4.37
S1613,0.51,95.83,3.66
S1615,1.12,97.66,1.22
S1616,1.12,95.52,3.36
S1617,0.71,97.25,2.03
S1621,0.51,96.03,3.46
S1623,0.31,96.64,3.05
S1624,0.31,98.17,1.53
S1625,0.41,97.46,2.14
S1626,0.41,94.3,5.29
S1627,0.51,98.07,1.42
S1628,0.31,98.37,1.32
S1629,0.51,95.52,3.97
S1630,0.41,93.29,6.31
S1631,0.31,97.66,2.03
S1633,0.2,97.66,2.14
S1634,0.41,95.73,3.87
S1635,0.1,97.15,2.75
S1636,0.41,97.56,2.03
S1637,0.31,97.86,1.83
S1638,0.31,96.03,3.66
S1639,0.31,94.51,5.19
S1640,0.81,94.61,4.58
S1642,0.61,94.81,4.58
S1643,0.51,95.73,3.76
S1644,0.71,94.1,5.19
S1645,0.51,94.61,4.88
S1646,0.31,93.08,6.61
S1647,0.81,93.29,5.9
S1648,0.31,94.2,5.49
S1649,0.51,94.2,5.29
S1650,0.51,89.62,9.87
S1651,0.61,95.22,4.17
S1652,0.31,97.76,1.93
S1653,0.71,96.64,2.64
S1654,0.1,97.05,2.85
S1655,0.92,94.2,4.88
S1656,0.31,95.63,4.07
S1657,0.41,97.15,2.44
S1658,0.41,94.71,4.88
S1659,0.61,94.3,5.09
S1660,0.31,94.91,4.78
S1661,0.61,92.17,7.22
S1662,0.51,94.2,5.29
S1663,10.38,85.45,4.17
S1664,18.62,78.43,2.95
S1665,21.97,74.36,3.66
S1666,11.7,85.35,2.95
S1667,19.74,75.89,4.37
S1668,15.87,79.86,4.27
S1669,18.72,79.04,2.24
S1670,19.33,75.58,5.09
S1671,18.31,77.21,4.48
S1672,20.96,75.28,3.76
S1673,21.97,73.45,4.58
S1674,19.63,71.92,8.44
S1675,14.85,81.08,4.07
S1676,20.45,75.79,3.76
S1677,19.94,75.38,4.68
S1678,22.18,75.28,2.54
S1679,14.34,81.79,3.87
S1680,19.02,77.01,3.97
S1681,16.99,79.35,3.66
S1682,20.04,76.09,3.87
S1683,18.82,77.72,3.46
S1684,20.14,76.3,3.56
S1685,17.29,78.33,4.37
S1686,12.61,79.25,8.14
S1687,13.53,83.52,2.95
S1688,23.09,72.43,4.48
S1689,24.72,69.68,5.6
S1690,22.79,75.28,1.93
S1691,27.16,71.01,1.83
S1692,22.99,72.94,4.07
S1693,24.11,70.91,4.98
S1694,21.57,75.69,2.75
S1695,25.13,71.52,3.36
S1696,18.41,78.64,2.95
S1697,26.86,67.34,5.8
S1698,24.72,70.3,4.98
S1699,14.24,82.6,3.15
S1700,23.6,72.53,3.87
S1701,22.48,73.86,3.66
S1702,19.53,75.99,4.48
S1703,23.91,71.11,4.98
S1704,28.08,68.46,3.46
S1705,27.47,70.3,2.24
S1706,23.3,72.94,3.76
S1707,12.41,86.27,1.32
S1708,18.11,79.04,2.85
S1799,13.02,77.62,9.36
S1800,18.11,77.72,4.17
S1801,13.33,84.23,2.44
S1802,11.7,85.25,3.05
S1803,17.9,78.84,3.26
S1804,9.56,87.89,2.54
S1805,11.39,85.15,3.46
S1806,14.55,83.11,2.34
S1807,17.8,78.43,3.76
S1808,16.38,81.28,2.34
S1809,11.7,85.05,3.26
S1810,22.28,75.08,2.64
S1812,10.17,82.81,7.02
S1813,9.05,88.3,2.64
S1814,14.34,84.44,1.22
S1815,17.5,80.87,1.63
S1816,20.35,77.52,2.14
S1817,18.41,77.01,4.58
S1818,27.98,70.09,1.93
S1819,24.62,73.35,2.03
S1820,21.46,76.6,1.93
S1821,19.33,75.79,4.88
S1822,9.97,86.47,3.56
S1823,19.94,77.01,3.05
S1824,12.72,82.3,4.98
S1825,18.11,77.31,4.58
S1826,21.57,73.45,4.98
S1827,19.13,77.62,3.26
S1828,19.33,77.62,3.05
S1829,20.75,75.58,3.66
S1830,8.65,87.69,3.66
S1831,19.13,75.58,5.29
S1832,17.8,74.36,7.83
S1833,13.43,79.45,7.12
S1834,20.35,73.04,6.61
S1835,19.94,72.02,8.04
S1836,13.02,80.77,6.21
S1837,10.99,85.96,3.05
S1838,15.06,81.28,3.66
S1839,12.11,84.23,3.66
S1840,6.1,89.42,4.48
S1841,19.43,77.01,3.56
S1842,12.72,81.99,5.29
S1843,20.14,77.01,2.85
S1844,15.36,80.98,3.66
S1851,0.51,93.29,6.21
SL-10,2.75,63.68,33.57
SL-11,4.58,70.91,24.52
SL-12,4.88,67.85,27.26
SL-14,2.95,67.14,29.91
SL-15,2.03,64.19,33.77
SL-16,2.24,62.67,35.1
SL-17,7.22,54.32,38.45
SL-18,2.54,65.21,32.25
SL-19,2.95,61.75,35.3
SL-2,2.24,64.8,32.96
SL-20,3.15,68.87,27.98
SL-21,3.66,67.96,28.38
SL-22,3.15,69.07,27.77
SL-23,2.54,65.31,32.15
SL-24,3.87,71.21,24.92
SL-3,2.24,63.68,34.08
SL-4,2.54,64.29,33.16
SL-5,2.34,65.21,32.45
SL-6,2.85,64.39,32.76
SL-7,2.34,65.41,32.25
SL-8,2.34,67.55,30.11
SL-9,3.56,71.11,25.33
SYN042,0.61,95.12,4.27
SYN049,0.61,94.81,4.58
SYN064,1.02,94.1,4.88
SYN070,0.41,96.13,3.46
SYN072,0.41,94.61,4.98
SYN077,0.41,96.64,2.95
SYN083,0.2,96.34,3.46
SYN088,0.31,96.95,2.75
SYN094,0.51,96.24,3.26
SYN096,0.71,97.15,2.14
SYN130,0.51,90.34,9.16
SYN140,0,93.79,6.21
SYN146,0.41,94,5.6
SYN150,0.31,94.91,4.78
SYN153,0.31,95.02,4.68
SYN162,0.41,93.69,5.9
SYN163,0.2,95.73,4.07
SYN164,0.41,96.54,3.05
SYN165,0.51,96.03,3.46
SYN172,0,96.13,3.87
SYN195,0.31,95.83,3.87
SYN199,0.31,90.64,9.05
SYN209,0.1,93.39,6.51
SYN212,0.31,95.12,4.58
SYN214,0.2,96.64,3.15
SYN240,0.1,96.74,3.15
SYN247,1.02,95.32,3.66
SYN262,0.31,95.52,4.17
TA002,20.04,78.54,1.42
TA005,20.75,78.13,1.12
TA009,17.5,81.28,1.22
TA013,15.06,83.42,1.53
TA014,14.34,84.03,1.63
TA023,19.94,78.54,1.53
TA024,24.31,73.75,1.93
TA025,21.77,76.91,1.32
TA026,19.23,79.25,1.53
TA029,25.23,73.65,1.12
TA037,23.5,75.18,1.32
TA038,22.08,76.6,1.32
TA043,17.29,81.69,1.02
TA044,19.13,79.35,1.53
TA045,10.38,87.49,2.14
TA046,8.75,89.22,2.03
TA049,16.99,81.28,1.73
TA050,14.04,84.03,1.93
TA057,22.79,75.18,2.03
TA062,21.57,77.01,1.42
TA063,19.74,78.84,1.42
TA069,20.24,77.82,1.93
TA070,21.16,77.21,1.63
TA077,25.03,72.53,2.44
TA085,15.87,82.2,1.93
TA086,19.13,79.04,1.83
TA097,19.23,79.25,1.53
TA098,17.5,81.79,0.71
TA102,11.29,86.67,2.03
TA103,21.26,76.81,1.93
TA105,24.72,73.35,1.93
TA109,18.31,80.16,1.53
TA117,14.14,84.33,1.53
TA122,11.8,86.57,1.63
TA123,11.29,87.49,1.22
TA125,21.87,76.6,1.53
TA129,22.38,75.99,1.63
TA130,21.97,75.89,2.14
TA133,19.13,80.26,0.61
TA134,17.8,80.47,1.73
TA137,24.92,73.86,1.22
TA143,23.8,74.26,1.93
TA145,20.85,77.42,1.73
TA149,20.45,78.13,1.42
TA150,21.36,78.03,0.61
TA153,23.19,75.28,1.53
TA157,24.72,74.16,1.12
TA163,26.55,71.31,2.14
TA169,22.89,75.89,1.22
TA170,19.94,79.15,0.92
TA177,23.09,75.38,1.53
TA178,21.26,77.62,1.12
TA182,4.58,93.79,1.63
TA183,13.53,84.54,1.93
TA194,21.16,77.21,1.63
TA195,21.57,76.81,1.63
TA197,16.28,82.2,1.53
TA198,15.87,83.01,1.12
TA202,13.33,82.5,4.17
TA205,25.84,72.63,1.53
TA209,22.18,76.3,1.53
TA210,20.14,78.23,1.63
TA215,14.65,84.03,1.32
TA216,18.41,79.25,2.34
TA217,22.58,76.5,0.92
TA222,15.77,82.4,1.83
TA223,16.68,81.99,1.32
TA225,22.28,76.5,1.22
TA237,18.62,79.25,2.14
TA238,22.58,75.48,1.93
TA242,26.35,72.13,1.53
TA245,21.06,77.92,1.02
TA249,23.91,74.67,1.42
TA253,11.8,86.78,1.42
TA257,22.18,75.18,2.64
TA258,22.79,75.69,1.53
TA263,21.77,76.4,1.83
TA269,11.7,86.67,1.63
TA270,12.21,85.96,1.83
TA277,14.55,83.72,1.73
TA278,15.46,81.79,2.75
TA285,23.7,74.57,1.73
TA289,21.16,76.91,1.93
TA290,22.18,75.48,2.34
TA293,25.53,73.45,1.02
TA297,22.69,74.97,2.34
TA302,8.75,86.67,4.58
TA303,15.67,81.59,2.75
TA449,13.94,84.33,1.73
TAMex0003.2,20.85,71.01,8.14
TAMex0004.1,18.11,74.87,7.02
TAMex0005.1,24.72,68.06,7.22
TAMex0007.1,16.48,77.82,5.7
TAMex0010.3,19.43,67.24,13.33
TAMex0014.1,18.72,75.48,5.8
TAMex0021.1,25.64,68.06,6.31
TAMex0023.3,22.18,72.02,5.8
TAMex0024.1,26.35,70.6,3.05
TAMex0025.2,18.62,76.81,4.58
TAMex0026.1,23.5,71.92,4.58
TAMex0027.2,11.9,81.69,6.41
TAMex0028.1,24.21,70.4,5.39
TAMex0031.1,9.97,85.05,4.98
TAMex0032.1,20.04,75.48,4.48
TAMex0033.1,20.24,57.78,21.97
TAMex0035.1,20.65,72.02,7.32
TAMex0036.2,21.77,72.94,5.29
TAMex0037.1,20.04,76.81,3.15
TAMex0038.1,22.79,73.86,3.36
TAMex0039.1,22.28,74.67,3.05
TAMex0043.1,22.99,69.68,7.32
TAMex0045.2,23.09,74.57,2.34
TAMex0046.1,21.16,73.65,5.19
TAMex0047.1,23.5,73.55,2.95
TAMex0048.1,19.63,75.58,4.78
TAMex0050.1,11.19,83.01,5.8
TAMex0052.1,24.52,69.07,6.41
TAMex0065.3,18.31,75.48,6.21
TAMex0067.2,23.91,72.84,3.26
TAMex0068.1,22.28,73.14,4.58
TAMex0069.1,19.94,76.09,3.97
TAMex0070.1,24.11,71.01,4.88
TAMex0071.3,24.72,72.02,3.26
TAMex0073.2,22.69,71.31,6
TAMex0076.1,21.97,74.57,3.46
TAMex0077.1,26.55,69.99,3.46
TAMex0078.1,25.64,67.85,6.51
TAMex0079.1,26.25,68.57,5.19
TAMex0082.1,24.52,71.21,4.27
TAMex0083.1,21.57,75.08,3.36
TAMex0090.1,22.89,73.04,4.07
TAMex0091.1,22.89,71.72,5.39
TAMex0092.1,20.35,76.4,3.26
TAMex0093.1,20.45,73.04,6.51
TAMex0094.1,23.5,72.74,3.76
TAMex0095.3,24.82,71.31,3.87
TAMex0100.2,22.08,73.65,4.27
TAMex0103.2,23.19,69.99,6.82
TAMex0104.2,21.16,74.26,4.58
TAMex0105.1,22.99,72.23,4.78
TAMex0106.1,20.24,75.69,4.07
TAMex0108.3,22.48,70.91,6.61
TAMex0110.1,20.45,76.91,2.64
TAMex0111.2,21.87,71.31,6.82
TAMex0112.1,27.87,69.58,2.54
TAMex0113.1,21.26,74.26,4.48
TAMex0114.1,20.75,74.36,4.88
TAMex0115.1,20.55,75.99,3.46
TAMex0116.1,21.57,71.52,6.92
TAMex0118.1,21.97,72.33,5.7
TAMex0122.2,22.58,73.45,3.97
TAMex0123.1,22.38,72.74,4.88
TAMex0126.2,24.21,71.82,3.97
TAMex0127.1,23.8,71.92,4.27
TAMex0130.1,25.03,72.33,2.64
TAMex0138.1,22.38,71.52,6.1
TAMex0139.2,19.13,77.82,3.05
TAMex0141.1,25.64,71.01,3.36
TAMex0143.1,20.45,75.08,4.48
TAMex0144.1,22.48,72.43,5.09
TAMex0146.1,20.75,75.99,3.26
TAMex0148.1,20.55,77.11,2.34
TAMex0149.2,24.62,70.19,5.19
TAMex0150.3,26.65,68.77,4.58
TAMex0151.3,24.92,68.97,6.1
TAMex0153.1,21.06,73.65,5.29
TAMex0154.3,24.52,71.52,3.97
TAMex0155.1,24.52,68.57,6.92
TAMex0156.1,26.25,70.91,2.85
TAMex0157.2,18.72,71.21,10.07
TAMex0158.1,24.72,69.58,5.7
TAMex0163.1,20.24,75.38,4.37
TAMex0164.2,25.84,70.19,3.97
TAMex0165.1,17.09,77.11,5.8
TAMex0167.1,23.5,73.25,3.26
TAMex0169.1,21.67,75.89,2.44
TAMex0170.2,18.62,77.21,4.17
TAMex0171.1,23.5,74.26,2.24
TAMex0176.1,16.68,80.98,2.34
TAMex0177.2,23.4,71.62,4.98
TAMex0181.2,23.8,71.41,4.78
TAMex0184.1,22.08,72.33,5.6
TAMex0185.1,20.96,75.38,3.66
TAMex0186.2,17.9,76.91,5.19
TAMex0187.2,22.89,73.35,3.76
TAMex0189.3,22.79,74.06,3.15
TAMex0193.3,24.42,72.53,3.05
TAMex0197.1,18.92,77.11,3.97
TAMex0198.1,17.6,77.52,4.88
TAMex0199.3,22.18,65.11,12.72
TAMex0202.2,23.8,72.33,3.87
TAMex0205.1,22.08,75.58,2.34
TAMex0207.2,24.72,69.28,6
TAMex0211.1,24.82,70.19,4.98
TAMex0213.1,21.46,73.96,4.58
TAMex0214.1,19.94,77.92,2.14
TAMex0215.3,17.19,78.23,4.58
TAMex0216.3,20.96,70.8,8.24
TAMex0218.1,22.89,75.18,1.93
TAMex0222.1,24.62,72.13,3.26
TAMex0224.1,24.42,71.72,3.87
TAMex0225.1,10.58,85.55,3.87
TAMex0226.1,20.45,77.01,2.54
TAMex0227.3,17.4,46.69,35.91
TAMex0230.1,18.72,76.4,4.88
TAMex0231.1,25.84,68.97,5.19
TAMex0233.1,22.79,71.62,5.6
TAMex0235.2,20.24,76.5,3.26
TAMex0236.1,23.3,71.31,5.39
TAMex0238.1,24.01,70.3,5.7
TAMex0239.1,21.16,71.41,7.43
TAMex0240.2,23.4,69.79,6.82
TAMex0241.1,24.21,70.7,5.09
TAMex0242.1,24.11,68.16,7.73
TAMex0245.3,30.52,66.23,3.26
TAMex0247.3,12.41,82.91,4.68
TAMex0249.1,25.43,69.28,5.29
TAMex0250.1,26.96,69.07,3.97
TAMex0251.1,24.01,70.19,5.8
TAMex0252.1,24.31,72.33,3.36
TAMex0253.2,22.99,74.47,2.54
TAMex0255.1,18.82,76.91,4.27
TAMex0256.3,15.87,63.48,20.65
TAMex0257.1,21.46,70.91,7.63
TAMex0260.1,19.13,74.47,6.41
TAMex0261.1,24.21,71.41,4.37
TAMex0263.2,26.04,69.48,4.48
TAMex0266.1,23.91,71.41,4.68
TAMex0267.2,24.31,72.53,3.15
TAMex0268.1,26.14,69.89,3.97
TAMex0269.2,23.3,70.7,6
TAMex0270.5,23.19,70.19,6.61
TAMex0272.2,22.38,74.87,2.75
TAMex0273.1,27.77,69.07,3.15
TAMex0274.1,15.46,81.08,3.46
TAMex0276.1,21.77,73.45,4.78
TAMex0278.1,14.45,82.3,3.26
TAMex0280.3,22.79,62.87,14.34
TAMex0283.1,22.18,74.97,2.85
TAMex0284.1,23.3,71.21,5.49
TAMex0285.1,18.51,78.94,2.54
TAMex0286.2,16.89,76.5,6.61
TAMex0287.1,24.92,73.14,1.93
TAMex0288.1,24.21,72.02,3.76
TAMex0289.1,17.9,78.54,3.56
TAMex0291.1,22.89,72.84,4.27
TAMex0297.1,22.38,74.97,2.64
TAMex0299.1,25.43,66.94,7.63
TAMex0301.1,22.99,71.72,5.29
TAMex0304.2,27.16,69.38,3.46
TAMex0306.2,25.53,70.8,3.66
TAMex0307.2,24.52,67.24,8.24
TAMex0308.1,19.33,76.4,4.27
TAMex0311.2,23.4,72.74,3.87
TAMex0314.2,25.43,69.28,5.29
TAMex0316.2,18.72,76.81,4.48
TAMex0317.1,7.53,89.01,3.46
TAMex0318.1,24.31,70.3,5.39
TAMex0319.2,20.04,75.89,4.07
TAMex0324.1,22.58,73.35,4.07
TAMex0325.1,21.26,74.57,4.17
TAMex0328.2,11.6,85.15,3.26
TAMex0329.1,14.95,81.18,3.87
TAMex0330.1,22.38,74.87,2.75
TAMex0331.1,24.72,66.23,9.05
TAMex0332.2,23.5,73.04,3.46
TAMex0333.2,22.58,73.25,4.17
TAMex0335.1,23.09,71.41,5.49
TAMex0341.2,11.5,82.5,6
TAMex0342.1,22.38,74.97,2.64
TAMex0344.1,22.69,73.35,3.97
TAMex0347.2,24.52,70.91,4.58
TAMex0348.2,18.51,78.94,2.54
TAMex0349.2,22.28,71.52,6.21
TAMex0350.1,24.52,73.55,1.93
TAMex0351.2,23.8,71.41,4.78
TAMex0356.1,22.89,72.13,4.98
TAMex0358.2,21.36,74.36,4.27
TAMex0359.2,21.46,75.08,3.46
TAMex0360.3,22.89,72.33,4.78
TAMex0363.2,22.69,70.09,7.22
TAMex0364.1,25.64,69.48,4.88
TAMex0366.2,24.11,71.11,4.78
TAMex0368.2,23.6,72.23,4.17
TAMex0370.2,24.82,66.73,8.44
TAMex0372.2,21.77,75.58,2.64
TAMex0374.1,20.04,77.52,2.44
TAMex0377.1,24.31,72.74,2.95
TAMex0378.1,23.7,73.96,2.34
TAMex0379.1,21.16,77.31,1.53
TAMex0380.3,21.97,75.28,2.75
TAMex0381.1,13.22,84.44,2.34
TAMex0382.2,22.18,74.47,3.36
TAMex0383.1,17.4,76.6,6
TAMex0384.1,21.36,74.67,3.97
TAMex0385.1,24.31,72.63,3.05
TAMex0386.1,14.14,83.52,2.34
TAMex0387.2,21.67,74.06,4.27
TAMex0389.1,21.36,75.38,3.26
TAMex0390.1,24.31,73.96,1.73
TAMex0391.2,24.52,73.86,1.63
TAMex0393.1,19.94,77.42,2.64
TAMex0396.1,21.46,75.69,2.85
TAMex0398.3,21.16,77.42,1.42
TAMex0400.1,21.77,74.57,3.66
TAMex0403.1,26.75,69.18,4.07
TAMex0405.1,22.89,74.06,3.05
TAMex0410.2,10.48,86.16,3.36
TAMex0412.1,24.82,70.8,4.37
TAMex0414.1,26.35,71.31,2.34
TAMex0418.1,24.21,70.5,5.29
TAMex0419.1,7.12,85.66,7.22
TAMex0422.1,24.21,70.91,4.88
TAMex0424.1,19.63,77.62,2.75
TAMex0426.1,23.5,72.84,3.66
TAMex0428.1,21.77,75.08,3.15
TAMex0429.1,19.63,75.48,4.88
TAMex0431.2,24.31,71.31,4.37
TAMex0433.1,25.43,68.97,5.6
TAMex0434.1,21.97,73.35,4.68
TAMex0438.1,24.82,70.5,4.68
TAMex0441.1,22.58,74.06,3.36
TAMex0442.1,24.11,68.77,7.12
TAMex0444.1,19.13,75.28,5.6
TAMex0445.1,24.52,70.91,4.58
TAMex0446.1,18.21,78.13,3.66
TAMex0447.1,20.75,75.08,4.17
TAMex0448.1,25.03,67.24,7.73
TAMex0449.1,25.13,70.91,3.97
TAMex0450.1,18.31,78.43,3.26
TAMex0452.1,16.38,77.31,6.31
TAMex0455.2,24.21,71.41,4.37
TAMex0456.1,22.89,68.36,8.75
TAMex0457.1,24.01,69.28,6.71
TAMex0458.1,21.26,72.84,5.9
TAMex0462.2,23.4,72.53,4.07
TAMex0463.1,24.62,71.31,4.07
TAMex0464.2,26.65,66.63,6.71
TAMex0465.3,25.94,71.62,2.44
TAMex0470.1,20.14,75.79,4.07
TAMex0471.2,23.8,68.16,8.04
TAMex0472.2,22.28,71.72,6
TAMex0473.2,22.38,73.65,3.97
TAMex0474.2,21.57,74.16,4.27
TAMex0475.1,18.82,74.16,7.02
TAMex0477.1,25.43,71.41,3.15
TAMex0478.1,21.57,71.82,6.61
TAMex0480.1,14.65,82.4,2.95
TAMex0481.3,25.53,72.33,2.14
TAMex0482.2,27.77,68.46,3.76
TAMex0483.1,11.29,84.94,3.76
TAMex0485.2,18.82,73.35,7.83
TAMex0488.1,24.62,70.7,4.68
TAMex0489.1,23.6,68.77,7.63
TAMex0490.1,21.36,70.6,8.04
TAMex0494.1,21.16,75.38,3.46
TAMex0495.1,23.5,70.91,5.6
TAMex0497.2,20.45,61.44,18.11
TAMex0499.1,20.65,74.36,4.98
TAMex0500.2,22.48,73.65,3.87
TAMex0501.1,27.16,68.26,4.58
TAMex0504.3,24.52,71.82,3.66
TAMex0509.1,26.75,69.07,4.17
TAMex0511.1,23.8,70.7,5.49
TAMex0512.1,23.7,71.11,5.19
TAMex0514.1,18.41,77.01,4.58
TAMex0515.1,22.99,73.75,3.26
TAMex0516.1,13.84,45.68,40.49
TAMex0517.1,27.26,67.85,4.88
TAMex0520.1,20.45,76.09,3.46
TAMex0522.1,23.19,75.58,1.22
TAMex0525.1,23.5,73.65,2.85
TAMex0526.1,23.3,74.16,2.54
TAMex0528.1,23.4,72.63,3.97
TAMex0529.1,20.04,75.89,4.07
TAMex0533.1,23.09,71.82,5.09
TAMex0538.1,23.91,74.06,2.03
TAMex0539.1,22.08,75.58,2.34
TAMex0540.1,20.85,74.47,4.68
TAMex0542.1,25.13,69.07,5.8
TAMex0544.1,19.43,77.82,2.75
TAMex0545.1,24.01,72.74,3.26
TAMex0547.1,19.43,76.2,4.37
TAMex0548.1,19.84,74.57,5.6
TAMex0549.1,22.18,74.97,2.85
TAMex0550.3,21.77,58.7,19.53
TAMex0551.1,21.87,75.79,2.34
TAMex0554.1,23.7,72.23,4.07
TAMex0555.1,23.6,73.96,2.44
TAMex0557.1,21.36,73.35,5.29
TAMex0559.3,21.87,66.12,12
TAMex0561.1,24.31,72.02,3.66
TAMex0564.1,26.96,70.6,2.44
TAMex0566.1,21.67,71.01,7.32
TAMex0567.1,23.6,69.28,7.12
TAMex0568.1,26.35,70.3,3.36
TAMex0573.1,25.43,71.01,3.56
TAMex0574.1,21.87,74.26,3.87
TAMex0575.1,18.62,77.11,4.27
TAMex0579.2,19.13,78.13,2.75
TAMex0582.1,20.45,75.58,3.97
TAMex0583.3,27.16,68.36,4.48
TAMex0585.2,27.06,70.19,2.75
TAMex0587.1,23.8,71.62,4.58
TAMex0588.2,22.48,73.45,4.07
TAMex0592.1,25.84,71.92,2.24
TAMex0594.4,24.52,66.33,9.16
TAMex0597.3,23.4,63.38,13.22
TAMex0598.1,23.19,71.72,5.09
TAMex0599.3,25.23,71.82,2.95
TAMex0604.4,22.58,74.26,3.15
TAMex0607.3,19.13,75.89,4.98
TAMex0608.5,20.45,73.75,5.8
TAMex0610.1,22.28,71.01,6.71
TAMex0611.1,19.53,77.52,2.95
TAMex0612.2,25.33,70.6,4.07
TAMex0613.2,25.53,72.02,2.44
TAMex0614.2,24.52,69.79,5.7
TAMex0615.1,28.08,69.79,2.14
TAMex0616.2,21.77,72.94,5.29
TAMex0618.1,21.57,71.01,7.43
TAMex0619.2,23.8,73.45,2.75
TAMex0621.2,22.99,71.01,6
TAMex0623.2,21.06,72.33,6.61
TAMex0624.1,24.11,70.3,5.6
TAMex0625.1,22.58,72.23,5.19
TAMex0626.2,7.73,86.37,5.9
TAMex0628.1,24.72,68.77,6.51
TAMex0629.1,20.65,70.7,8.65
TAMex0631.2,24.01,71.31,4.68
TAMex0633.2,22.28,75.28,2.44
TAMex0634.3,20.65,74.26,5.09
TAMex0635.2,24.72,69.48,5.8
TAMex0636.2,22.79,71.31,5.9
TAMex0638.1,25.13,71.82,3.05
TAMex0640.1,21.16,75.48,3.36
TAMex0643.1,21.87,73.65,4.48
TAMex0644.1,22.48,73.04,4.48
TAMex0645.1,22.99,74.36,2.64
TAMex0650.1,23.6,73.55,2.85
TAMex0651.2,21.97,71.01,7.02
TAMex0652.1,24.82,72.23,2.95
TAMex0656.1,22.38,71.41,6.21
TAMex0657.1,4.88,88.5,6.61
TAMex0660.1,24.21,70.19,5.6
TAMex0662.1,19.63,76.09,4.27
TAMex0666.1,26.25,69.89,3.87
TAMex0667.1,25.13,71.01,3.87
TAMex0668.1,18.92,77.82,3.26
TAMex0670.1,24.42,69.89,5.7
TAMex0671.1,22.58,73.96,3.46
TAMex0674.1,23.3,71.92,4.78
TAMex0677.2,19.02,71.92,9.05
TAMex0678.1,24.21,72.02,3.76
TAMex0680.1,25.33,72.23,2.44
TAMex0681.1,26.45,68.36,5.19
TAMex0682.1,24.21,70.91,4.88
TAMex0683.1,24.82,72.33,2.85
TAMex0684.1,21.97,72.94,5.09
TAMex0685.2,24.72,72.02,3.26
TAMex0687.1,25.94,72.13,1.93
TAMex0688.1,20.04,74.87,5.09
TAMex0689.1,22.38,73.96,3.66
TAMex0691.1,25.33,72.02,2.64
TAMex0693.1,21.67,72.63,5.7
TAMex0696.1,24.31,71.21,4.48
TAMex0697.1,19.02,77.52,3.46
TAMex0699.1,21.57,72.33,6.1
TAMex0700.4,25.94,68.57,5.49
TAMex0703.2,19.53,77.31,3.15
TAMex0705.1,22.69,73.65,3.66
TAMex0706.1,26.35,67.45,6.21
TAMex0708.1,24.11,72.94,2.95
TAMex0714.1,19.33,76.2,4.48
TAMex0715.1,25.13,67.65,7.22
TAMex0716.1,19.94,72.23,7.83
TAMex0719.1,18.62,73.96,7.43
TAMex0721.1,25.64,65.51,8.85
TAMex0722.1,24.11,71.62,4.27
TAMex0724.2,23.3,72.63,4.07
TAMex0725.1,24.82,70.7,4.48
TAMex0726.1,21.46,74.36,4.17
TAMex0727.1,22.48,71.92,5.6
TAMex0728.2,17.29,74.06,8.65
TAMex0732.2,22.79,73.65,3.56
TAMex0733.2,24.62,72.94,2.44
TAMex0734.2,23.6,72.13,4.27
TAMex0737.2,20.45,73.04,6.51
TAMex0738.2,22.89,74.36,2.75
TAMex0744.2,21.16,70.6,8.24
TAMex0747.2,21.87,75.08,3.05
TAMex0750.1,23.6,72.23,4.17
TAMex0751.2,24.92,71.62,3.46
TAMex0752.2,21.87,73.75,4.37
TAMex0753.2,22.69,72.33,4.98
TAMex0756.2,22.28,74.57,3.15
TAMex0757.1,25.94,72.02,2.03
TAMex0759.2,19.43,75.28,5.29
TAMex0761.4,21.67,75.38,2.95
TAMex0762.1,17.7,80.47,1.83
TAMex0763.2,24.21,71.82,3.97
TAMex0764.1,24.01,69.68,6.31
TAMex0765.2,23.19,73.25,3.56
TAMex0766.2,23.5,73.55,2.95
TAMex0767.2,23.8,71.11,5.09
TAMex0768.2,22.58,73.04,4.37
TAMex0769.2,24.62,68.87,6.51
TAMex0773.1,23.19,70.4,6.41
TAMex0775.2,25.84,69.28,4.88
TAMex0779.2,24.21,68.57,7.22
TAMex0782.2,24.31,72.53,3.15
TAMex0784.1,26.35,70.5,3.15
TAMex0785.1,23.8,66.84,9.36
TAMex0786.2,24.31,69.89,5.8
TAMex0790.1,21.46,74.16,4.37
TAMex0791.1,21.36,74.97,3.66
TAMex0792.2,22.89,72.23,4.88
TAMex0796.2,23.19,72.63,4.17
TAMex0798.2,24.52,68.57,6.92
TAMex0799.1,26.45,69.68,3.87
TAMex0801.2,24.72,71.41,3.87
TAMex0802.1,19.43,74.47,6.1
TAMex0804.1,10.48,84.44,5.09
TAMex0805.1,24.11,70.4,5.49
TAMex0806.1,20.55,70.91,8.55
TAMex0807.2,20.96,76.09,2.95
TAMex0809.2,24.62,71.21,4.17
TAMex0811.2,20.75,74.36,4.88
TAMex0813.1,22.38,74.06,3.56
TAMex0814.1,19.23,75.28,5.49
TAMex0816.1,23.7,72.94,3.36
TAMex0817.1,26.65,70.6,2.75
TAMex0818.1,24.62,72.74,2.64
TAMex0819.1,24.62,69.58,5.8
TAMex0820.2,22.69,72.23,5.09
TAMex0821.1,19.43,77.01,3.56
TAMex0822.1,26.14,71.41,2.44
TAMex0824.1,23.7,71.21,5.09
TAMex0825.1,20.14,76.2,3.66
TAMex0830.1,21.77,73.75,4.48
TAMex0831.1,23.6,71.72,4.68
TAMex0832.1,16.48,79.65,3.87
TAMex0839.2,20.85,73.45,5.7
TAMex0840.1,23.4,72.13,4.48
TAMex0843.2,26.45,70.5,3.05
TAMex0845.2,24.11,70.91,4.98
TAMex0849.3,25.94,69.48,4.58
TAMex0852.1,23.6,70.6,5.8
TAMex0853.2,23.8,69.79,6.41
TAMex0854.2,23.19,71.72,5.09
TAMex0855.2,23.4,74.16,2.44
TAMex0856.2,17.7,77.42,4.88
TAMex0857.1,22.58,72.84,4.58
TAMex0858.2,21.36,73.35,5.29
TAMex0860.1,20.04,76.6,3.36
TAMex0861.1,23.4,73.75,2.85
TAMex0862.1,22.48,75.28,2.24
TAMex0869.1,24.01,72.63,3.36
TAMex0872.1,23.3,71.11,5.6
TAMex0873.1,24.42,69.58,6
TAMex0874.1,27.47,67.75,4.78
TAMex0875.2,25.23,67.96,6.82
TAMex0876.2,23.6,73.35,3.05
TAMex0878.2,21.97,73.04,4.98
TAMex0879.1,23.09,71.31,5.6
TAMex0883.1,23.3,72.94,3.76
TAMex0887.2,22.58,73.14,4.27
TAMex0890.1,25.74,70.3,3.97
TAMex0891.1,24.72,72.23,3.05
TAMex0892.1,19.84,74.57,5.6
TAMex0894.1,19.43,73.65,6.92
TAMex0895.1,21.57,75.38,3.05
TAMex0896.2,23.19,73.35,3.46
TAMex0897.2,22.18,71.41,6.41
TAMex0898.1,25.13,72.84,2.03
TAMex0899.1,22.58,74.47,2.95
TAMex0900.1,22.48,73.75,3.76
TAMex0901.2,23.6,70.4,6
TAMex0902.1,21.16,72.74,6.1
TAMex0905.2,24.72,71.92,3.36
TAMex0906.1,22.99,75.48,1.53
TAMex0908.1,25.74,71.62,2.64
TAMex0915.1,8.85,87.69,3.46
TAMex0916.1,21.06,74.87,4.07
TAMex0917.1,18.41,76.7,4.88
TAMex0918.2,24.52,69.18,6.31
TAMex0919.1,23.8,73.14,3.05
TAMex0921.1,25.23,72.84,1.93
TAMex0924.1,18.51,75.08,6.41
TAMex0925.1,23.09,71.52,5.39
TAMex0927.1,19.84,75.48,4.68
TAMex0929.1,20.24,76.09,3.66
TAMex0930.1,23.6,72.13,4.27
TAMex0931.1,20.14,73.86,6
TAMex0932.2,17.5,79.65,2.85
TAMex0933.1,20.96,76.3,2.75
TAMex0937.1,22.28,71.62,6.1
TAMex0942.1,24.21,73.96,1.83
TAMex0943.1,9.87,86.78,3.36
TAMex0945.1,21.06,71.82,7.12
TAMex0947.1,25.94,69.38,4.68
TAMex0949.1,21.87,73.86,4.27
TAMex0952.1,22.69,72.23,5.09
TAMex0961.2,23.4,71.01,5.6
TAMex0963.1,20.14,77.42,2.44
TAMex0966.1,27.16,68.46,4.37
TAMex0970.1,22.79,73.04,4.17
TAMex0971.1,24.11,69.48,6.41
TAMex0973.1,23.4,70.6,6
TAMex0974.1,23.3,72.43,4.27
TAMex0975.1,21.16,75.79,3.05
TAMex0976.1,19.84,75.18,4.98
TAMex0977.1,25.64,69.79,4.58
TAMex0978.1,19.63,76.7,3.66
TAMex0979.1,20.75,74.57,4.68
TAMex0980.2,18.21,75.69,6.1
TAMex0981.1,21.16,74.16,4.68
TAMex0982.1,26.14,68.67,5.19
TAMex0983.2,23.7,67.96,8.34
TAMex0985.1,20.45,74.57,4.98
TAMex0986.2,21.67,75.69,2.64
TAMex0989.1,21.77,74.47,3.76
TAMex0993.2,23.09,73.25,3.66
TAMex0995.1,24.82,70.19,4.98
TAMex0997.1,24.11,70.6,5.29
TAMex0999.1,10.38,84.74,4.88
TAMex1000.1,24.01,73.75,2.24
TAMex1001.1,26.55,67.24,6.21
TAMex1002.1,20.75,75.58,3.66
TAMex1003.1,22.08,72.94,4.98
TAMex1005.1,22.48,72.84,4.68
TAMex1006.2,26.14,68.97,4.88
TAMex1013.3,21.77,72.74,5.49
TAMex1015.1,19.63,74.97,5.39
TAMex1018.1,22.99,73.65,3.36
TAMex1019.1,23.6,74.06,2.34
TAMex1027.1,22.48,70.4,7.12
TAMex1028.1,25.53,71.31,3.15
TAMex1030.1,24.82,72.94,2.24
TAMex1031.1,23.5,73.55,2.95
TAMex1033.1,24.52,69.18,6.31
TAMex1034.1,25.23,68.77,6
TAMex1036.1,26.55,69.07,4.37
TAMex1039.1,24.52,69.28,6.21
TAMex1040.1,17.09,75.38,7.53
TAMex1042.1,24.92,72.53,2.54
TAMex1044.1,22.48,75.18,2.34
TAMex1045.1,24.11,70.5,5.39
TAMex1048.1,23.8,70.7,5.49
TAMex1049.1,24.01,72.33,3.66
TAMex1052.1,20.75,74.06,5.19
TAMex1053.1,23.09,73.35,3.56
TAMex1054.1,19.94,76.6,3.46
TAMex1055.1,22.18,74.47,3.36
TAMex1057.1,20.75,75.69,3.56
TAMex1058.1,10.78,84.84,4.37
TAMex1062.1,25.03,71.62,3.36
TAMex1063.1,21.87,75.38,2.75
TAMex1064.1,25.84,69.68,4.48
TAMex1066.1,26.35,70.91,2.75
TAMex1068.1,24.92,71.31,3.76
TAMex1069.2,19.84,74.26,5.9
TAMex1071.1,25.43,71.31,3.26
TAMex1072.1,18.62,78.74,2.64
TAMex1073.1,21.46,74.57,3.97
TAMex1074.1,23.7,68.97,7.32
TAMex1078.1,20.96,76.3,2.75
TAMex1081.1,21.77,75.69,2.54
TAMex1083.1,11.39,83.62,4.98
TAMex1085.1,24.01,71.92,4.07
TAMex1087.1,10.17,84.74,5.09
TAMex1092.1,19.53,75.58,4.88
TAMex1094.1,21.87,72.13,6
TAMex1102.1,24.31,72.23,3.46
TAMex1103.1,22.48,74.47,3.05
TAMex1104.4,18.72,77.82,3.46
TAMex1105.1,11.5,85.15,3.36
TAMex1106.1,24.52,69.68,5.8
TAMex1107.1,23.7,72.63,3.66
TAMex1109.1,15.87,80.37,3.76
TAMex1110.1,22.58,70.7,6.71
TAMex1111.1,26.45,69.07,4.48
TAMex1112.1,27.98,68.67,3.36
TAMex1113.4,20.24,74.87,4.88
TAMex1114.1,22.69,73.86,3.46
TAMex1115.1,19.74,77.11,3.15
TAMex1118.1,24.11,70.5,5.39
TAMex1119.1,11.7,84.54,3.76
TAMex1120.1,17.7,76.2,6.1
TAMex1121.1,8.04,85.66,6.31
TAMex1123.2,24.01,69.99,6
TAMex1124.2,25.03,72.43,2.54
TAMex1125.2,20.24,74.47,5.29
TAMex1126.1,26.14,71.11,2.75
TAMex1129.1,18.11,78.03,3.87
TAMex1136.1,26.86,70.8,2.34
TAMex1137.1,26.04,70.3,3.66
TAMex1138.2,20.75,76.81,2.44
TAMex1139.2,24.52,70.8,4.68
TAMex1140.1,23.3,71.31,5.39
TAMex1143.1,26.75,68.57,4.68
TAMex1144.2,27.47,69.79,2.75
TAMex1146.1,24.01,73.04,2.95
TAMex1147.1,18.82,78.13,3.05
TAMex1149.1,21.46,73.86,4.68
TAMex1151.4,22.18,73.65,4.17
TAMex1152.1,21.26,75.38,3.36
TAMex1154.1,26.25,67.85,5.9
TAMex1156.4,23.8,73.04,3.15
TAMex1157.1,19.13,76.7,4.17
TAMex1160.1,10.27,83.62,6.1
TAMex1162.1,24.01,69.79,6.21
TAMex1163.1,21.57,74.16,4.27
TAMex1164.2,20.85,75.99,3.15
TAMex1165.1,20.55,75.08,4.37
TAMex1167.2,22.89,73.45,3.66
TAMex1168.1,24.11,72.63,3.26
TAMex1169.4,23.5,72.13,4.37
TAMex1177.2,20.65,72.33,7.02
TAMex1178.1,22.28,72.43,5.29
TAMex1192.4,23.4,74.16,2.44
TAMex1195.2,22.58,75.38,2.03
TAMex1197.2,12.72,85.15,2.14
TAMex1198.1,22.99,73.55,3.46
TAMex1202.2,20.55,75.99,3.46
TAMex1204.1,24.21,71.01,4.78
TAMex1207.1,13.53,81.79,4.68
TAMex1216.4,23.19,72.33,4.48
TAMex1217.1,22.79,73.65,3.56
TAMex1218.5,24.82,72.23,2.95
TAMex1219.2,22.79,74.97,2.24
TAMex1220.3,22.99,71.31,5.7
TAMex1222.2,23.8,72.74,3.46
TAMex1223.1,20.55,76.6,2.85
TAMex1230.2,24.42,71.31,4.27
TAMex1231.1,21.46,73.96,4.58
TAMex1232.3,23.8,73.04,3.15
TAMex1233.1,18.01,79.35,2.64
TAMex1239.2,21.87,73.55,4.58
TAMex1242.1,26.65,68.87,4.48
TAMex1243.2,20.35,75.79,3.87
TAMex1244.1,22.79,69.18,8.04
TAMex1245.2,26.75,65.92,7.32
TAMex1246.3,25.03,69.89,5.09
TAMex1247.2,20.75,72.13,7.12
TAMex1248.2,21.36,73.75,4.88
TAMex1258.1,24.52,71.72,3.76
TAMex1260.2,23.4,72.63,3.97
TAMex1263.1,23.5,71.72,4.78
TAMex1264.1,23.19,73.04,3.76
TAMex1266.1,20.45,76.2,3.36
TAMex1268.1,25.23,72.02,2.75
TAMex1271.2,22.99,74.57,2.44
TAMex1275.1,18.62,76.81,4.58
TAMex1276.1,23.19,70.7,6.1
TAMex1277.1,22.48,74.36,3.15
TAMex1279.2,21.87,76.09,2.03
TAMex1283.1,25.53,71.31,3.15
TAMex1284.1,25.43,72.23,2.34
TAMex1285.1,18.41,78.74,2.85
TAMex1288.3,25.94,70.19,3.87
TAMex1298.4,26.86,67.55,5.6
TAMex1300.1,19.43,64.6,15.97
TAMex1301.1,21.67,76.6,1.73
TAMex1302.1,25.13,72.02,2.85
TAMex1305.1,22.79,72.23,4.98
TAMex1306.1,19.74,76.09,4.17
TAMex1308.1,21.87,73.45,4.68
TAMex1310.1,23.91,72.02,4.07
TAMex1312.1,24.72,71.52,3.76
TAMex1316.1,20.85,73.55,5.6
TAMex1321.1,10.38,86.06,3.56
TAMex1322.1,26.04,69.48,4.48
TAMex1323.3,25.74,68.87,5.39
TAMex1326.1,24.82,71.41,3.76
TAMex1327.1,22.99,72.23,4.78
TAMex1332.1,24.52,71.92,3.56
TAMex1336.1,25.03,72.43,2.54
TAMex1337.2,22.99,74.47,2.54
TAMex1340.1,25.13,71.11,3.76
TAMex1342.3,19.43,75.58,4.98
TAMex1344.2,21.97,74.06,3.97
TAMex1346.1,23.3,70.5,6.21
TAMex1348.3,23.19,72.94,3.87
TAMex1349.2,24.82,69.07,6.1
TAMex1350.3,23.91,73.25,2.85
TAMex1352.2,25.23,71.52,3.26
TAMex1353.2,24.72,73.35,1.93
TAMex1354.1,9.36,87.69,2.95
TAMex1355.3,22.79,69.68,7.53
TAMex1356.4,26.75,69.48,3.76
TAMex1358.1,22.18,73.04,4.78
TAMex1360.1,23.7,74.16,2.14
TAMex1363.2,22.99,73.65,3.36
TAMex1364.2,23.3,69.99,6.71
TAMex1366.2,25.23,71.72,3.05
TAMex1369.1,23.3,70.91,5.8
TAMex1373.3,22.38,74.87,2.75
TAMex1378.2,24.52,72.23,3.26
TAMex1382.2,21.26,72.02,6.71
TAMex1383.2,23.09,70.3,6.61
TAMex1384.2,27.98,66.84,5.19
TAMex1386.2,23.5,72.94,3.56
TAMex1390.1,19.63,73.14,7.22
TAMex1391.2,22.69,68.06,9.26
TAMex1392.1,24.82,73.35,1.83
TAMex1393.1,21.67,74.97,3.36
TAMex1394.2,21.97,74.47,3.56
TAMex1395.1,26.25,71.21,2.54
TAMex1396.1,23.09,72.63,4.27
TAMex1398.1,21.46,75.89,2.64
TAMex1399.1,22.89,72.13,4.98
TAMex1404.1,21.87,75.08,3.05
TAMex1407.1,24.31,71.41,4.27
TAMex1408.3,22.89,73.35,3.76
TAMex1409.2,21.77,75.79,2.44
TAMex1410.2,24.01,71.41,4.58
TAMex1414.2,23.91,71.21,4.88
TAMex1417.1,20.96,74.16,4.88
TAMex1419.2,22.89,71.72,5.39
TAMex1422.2,24.62,71.52,3.87
TAMex1423.1,17.7,76.3,6
TAMex1425.1,24.01,70.8,5.19
TAMex1427.2,24.31,71.82,3.87
TAMex1428.1,20.96,74.67,4.37
TAMex1429.2,22.38,69.38,8.24
TAMex1430.2,18.51,72.63,8.85
TAMex1432.2,21.06,76.2,2.75
TAMex1433.1,17.5,78.74,3.76
TAMex1434.1,22.79,73.65,3.56
TAMex1437.1,27.67,66.53,5.8
TAMex1438.1,16.58,79.04,4.37
TAMex1439.2,26.25,68.77,4.98
TAMex1442.3,22.89,74.67,2.44
TAMex1443.1,24.42,69.79,5.8
TAMex1445.2,24.62,70.3,5.09
TAMex1446.1,24.62,71.72,3.66
TAMex1447.2,20.04,75.28,4.68
TAMex1448.1,23.6,71.01,5.39
TAMex1449.1,23.5,73.55,2.95
TAMex1450.1,25.23,72.23,2.54
TAMex1452.1,19.84,75.79,4.37
TAMex1454.1,22.99,67.55,9.46
TAMex1455.1,23.7,72.13,4.17
TAMex1458.2,19.74,76.6,3.66
TAMex1460.1,21.67,75.18,3.15
TAMex1461.2,25.33,71.72,2.95
TAMex1462.2,24.21,71.62,4.17
TAMex1463.1,16.58,78.33,5.09
TAMex1464.2,18.01,74.87,7.12
TAMex1465.1,22.08,68.36,9.56
TAMex1466.2,24.21,71.41,4.37
TAMex1467.1,24.01,68.77,7.22
TAMex1469.2,27.06,69.48,3.46
TAMex1472.1,23.7,70.91,5.39
TAMex1474.1,24.92,70.8,4.27
TAMex1477.2,25.23,67.55,7.22
TAMex1480.1,19.63,74.77,5.6
TAMex1481.1,26.04,70.09,3.87
TAMex1484.1,16.28,78.33,5.39
TAMex1485.1,20.24,73.04,6.71
TAMex1488.1,22.08,72.02,5.9
TAMex1490.1,21.67,71.82,6.51
TAMex1493.1,17.5,75.79,6.71
TAMex1496.1,25.13,70.7,4.17
TAMex1497.1,26.55,68.46,4.98
TAMex1500.1,15.46,76.09,8.44
TAMex1501.1,17.8,75.99,6.21
TAMex1502.1,23.5,70.91,5.6
TAMex1504.1,25.94,69.58,4.48
TAMex1505.1,24.52,71.72,3.76
TAMex1506.1,16.99,77.62,5.39
TAMex1508.4,24.01,71.92,4.07
TAMex1509.1,25.23,70.4,4.37
TAMex1516.1,23.5,67.65,8.85
TAMex1518.1,21.87,73.14,4.98
TAMex1519.1,24.62,70.7,4.68
TAMex1522.1,21.16,71.11,7.73
TAMex1524.1,24.82,69.18,6
TAMex1525.2,25.33,71.82,2.85
TAMex1528.1,22.99,72.53,4.48
TAMex1529.2,21.87,71.31,6.82
TAMex1530.2,22.89,73.55,3.56
TAMex1531.1,22.89,71.41,5.7
TAMex1534.2,25.43,69.79,4.78
TAMex1535.2,26.65,69.68,3.66
TAMex1537.1,22.38,68.46,9.16
TAMex1539.1,22.28,73.96,3.76
TAMex1541.2,8.04,88.71,3.26
TAMex1544.1,21.97,71.11,6.92
TAMex1546.2,20.75,76.09,3.15
TAMex1548.2,21.46,73.75,4.78
TAMex1549.1,21.67,74.77,3.56
TAMex1551.1,16.79,74.77,8.44
TAMex1554.1,26.55,69.68,3.76
TAMex1557.1,19.13,73.55,7.32
TAMex1558.1,21.57,70.7,7.73
TAMex1559.1,20.45,73.45,6.1
TAMex1560.2,14.04,80.87,5.09
TAMex1561.2,23.4,70.09,6.51
TAMex1566.1,21.36,75.69,2.95
TAMex1567.1,23.91,71.21,4.88
TAMex1568.1,22.79,74.57,2.64
TAMex1569.1,23.4,71.62,4.98
TAMex1571.1,24.92,66.73,8.34
TAMex1574.1,20.96,73.25,5.8
TAMex1575.1,21.26,73.96,4.78
TIP-260A,1.63,89.32,9.05
TIP-263A,1.93,92.47,5.6
TIP-265A,2.14,94.1,3.76
TIP-267A,0.81,92.78,6.41
TIP-272A,1.02,95.32,3.66
TIP-276A,3.76,91.25,4.98
TIP-281A,3.87,91.86,4.27
TIP-282A,1.93,93.49,4.58
TIP-285A,2.95,92.98,4.07
TIP-287A,1.12,94,4.88
TIP-293A,1.83,93.08,5.09
TIP-296A,1.02,93.79,5.19
TIP-301-A,8.75,87.49,3.76
TIP-304-A,3.05,91.15,5.8
TIP-305-A,1.02,93.69,5.29
TIP-309-A,1.42,94,4.58
TIP-313-A,2.44,93.08,4.48
TIP-318-A,2.34,92.88,4.78
TIP-326-A,2.64,93.69,3.66
TIP-329-A,3.46,90.74,5.8
TIP-330-A,1.83,94.71,3.46
TIP-338-A,1.63,93.29,5.09
TIP-343-A,1.63,95.32,3.05
TIP-347-A,1.73,94.2,4.07
TIP-351-A,1.02,94.51,4.48
TIP-356-A,0.61,91.15,8.24
TIP-359-A,2.95,88.61,8.44
TIP-365-A,2.34,94.4,3.26
TIP-366-A,1.22,94,4.78
TIP-370-A,1.42,95.63,2.95
TIP-375-A,1.63,95.93,2.44
TIP-380-A,0.61,96.85,2.54
TIP-454,2.03,95.83,2.14
TIP-458,1.32,96.24,2.44
TIP-462,6,88.71,5.29
TIP-466,1.73,96.34,1.93
TIP-469,0.92,95.63,3.46
TIP-475,2.24,95.22,2.54
TIP-489,1.22,96.03,2.75
TIP-496,0.61,97.46,1.93
TIP-498,0.61,96.95,2.44
TIP-508,0.81,96.34,2.85
TIP-512,0.92,96.03,3.05
TIP-521,0.41,96.54,3.05
TIP-523,0.71,96.74,2.54
TIP-529,0.81,96.74,2.44
TIP-534,0.61,90.64,8.75
WB0021a,20.75,73.45,5.8
WB0022a,0.81,96.03,3.15
ZDP_0001a,19.53,78.03,2.44
ZDP_0002a,26.35,70.4,3.26
ZDP_0004a,14.75,81.49,3.76
ZDP_0005a,13.43,84.64,1.93
ZDP_0006a,20.75,74.16,5.09
ZDP_0007a,19.13,79.45,1.42
ZDP_0008a,14.95,81.18,3.87
ZDP_0009a,13.63,82.3,4.07
ZDP_0010a,12.51,82.2,5.29
ZDP_0011a,11.6,83.72,4.68
ZDP_0012a,13.53,81.18,5.29
ZDP_0013a,13.33,84.23,2.44
ZDP_0014a,15.56,81.79,2.64
ZDP_0015a,14.85,81.49,3.66
ZDP_0016a,15.16,81.79,3.05
ZDP_0017a,13.84,82.6,3.56
ZDP_0018a,11.8,85.45,2.75
ZDP_0019a,14.55,82.5,2.95
ZDP_0020a,15.77,79.76,4.48
ZDP_0021a,11.29,85.05,3.66
ZDP_0022a,8.85,86.78,4.37
ZDP_0023a,13.22,84.13,2.64
ZDP_0024a,10.89,86.98,2.14
ZDP_0025a,20.04,76.4,3.56
ZDP_0026a,16.48,77.82,5.7
ZDP_0027a,13.84,82.4,3.76
ZDP_0028a,11.39,86.57,2.03
ZDP_0029a,14.85,82.81,2.34
ZDP_0030a,14.55,81.38,4.07
ZDP_0031a,14.04,81.79,4.17
ZDP_0032a,15.77,80.77,3.46
ZDP_0033a,21.26,73.75,4.98
ZDP_0034a,9.87,85.55,4.58
ZDP_0035a,13.43,84.44,2.14
ZDP_0036a,17.19,75.28,7.53
ZDP_0037a,23.7,74.77,1.53
ZDP_0038a,22.48,75.79,1.73
ZDP_0039a,20.04,76.2,3.76
ZDP_0040a,21.57,74.47,3.97
ZDP_0041a,9.56,87.89,2.54
ZDP_0042a,15.06,80.77,4.17
ZDP_0043a,20.85,74.26,4.88
ZDP_0044a,6,91.56,2.44
ZDP_0045a,10.89,82.5,6.61
ZDP_0046a,14.14,82.6,3.26
ZDP_0047a,14.45,83.62,1.93
ZDP_0048a,14.65,78.84,6.51
ZDP_0049a,10.38,84.94,4.68
ZDP_0050a,17.7,79.55,2.75
ZDP_0051a,13.22,84.23,2.54
ZDP_0052a,11.09,85.45,3.46
ZDP_0053a,10.68,85.35,3.97
ZDP_0054a,7.63,90.74,1.63
ZDP_0055a,17.8,78.84,3.36
ZDP_0056a,12,84.44,3.56
ZDP_0057a,20.85,77.01,2.14
ZDP_0058a,10.89,85.55,3.56
ZDP_0059a,13.43,82.6,3.97
ZDP_0060a,15.26,78.64,6.1
ZDP_0061a,16.28,79.55,4.17
ZDP_0062a,13.43,82.5,4.07
ZDP_0063a,15.16,82.2,2.64
ZDP_0064a,15.77,81.79,2.44
ZDP_0065a,14.45,83.52,2.03
ZDP_0066a,14.75,81.99,3.26
ZDP_0067a,17.6,80.87,1.53
ZDP_0068a,8.65,88.4,2.95
ZDP_0069a,11.39,85.35,3.26
ZDP_0070a,13.33,83.21,3.46
ZDP_0071a,12.11,82.91,4.98
ZDP_0072a,19.33,77.72,2.95
ZDP_0073a,15.06,77.92,7.02
ZDP_0074a,18.51,78.74,2.75
ZDP_0075a,18.51,79.86,1.63
ZDP_0076a,14.14,83.62,2.24
ZDP_0077a,11.19,86.78,2.03
ZDP_0078a,14.04,83.01,2.95
ZDP_0079b,8.75,84.44,6.82
